((("UNPREDICTABLE" .
   [1 0 0 0 0 0 0 0 0 0 0 0 0])
  ("LIKELY" .
   [2 0 0 0 0 0])
  ("puts" .
   [3 0 0 0])
  ("strsize" .
   [7 0 0 0 0 0 0])
  ("match" .
   [1 0 0 0 0])
  ("MATCH" .
   [4 0 0 0 0])
  ("strncmp" .
   [3 0 0 0 0 0 0])
  ("Func" .
   [2 0 0 0])
  ("token_enum" .
   [2 0 0 0 0 0 0 0 0 0])
  ("unique_ptr" .
   [1 0 0 0 0 0 0 0 0 0])
  ("meta" .
   [3 0 0 0])
  ("Indentation" .
   [3 0 0 0 0 0 0 0 0 0 0])
  ("spaces_are_indentation" .
   [0 0 0 0 0 1 0 0 0 0 0 0 0 0 0 0 0 0 0 0 0 0])
  ("token_meta" .
   [9 0 0 0 0 0 0 0 0 0])
  ("token" .
   [16 0 0 0 1])
  ("column" .
   [25 0 0 0 0 0])
  ("token_type" .
   [4 0 0 0 0 0 0 0 0 0])
  (":color" .
   [1 0 0 0 0 0])
  ("sdl:*white*" .
   [1 0 0 0 0 0 0 0 0 0 0])
  ("sdl:*black*" .
   [1 0 0 0 0 0 1 0 0 0 0])
  ("sdl:color" .
   [1 0 0 0 0 0 0 0 0])
  (":element-type" .
   [1 0 0 0 0 0 0 0 0 0 0 0 0])
  ("make-array" .
   [1 0 0 0 0 0 0 0 0 0])
  ("*playfield-x*" .
   [1 0 0 0 0 0 0 0 0 0 0 0 0])
  ("loop" .
   [2 0 0 0])
  ("sdl:key=" .
   [1 0 0 0 0 0 0 0])
  ("when" .
   [2 0 0 0])
  ("if" .
   [2 0])
  ("sdl:push-quit-event" .
   [0 0 0 0 0 0 0 0 1 0 0 0 0 0 0 0 0 0 0])
  ("key" .
   [2 0 0])
  ("find-food" .
   [1 0 0 0 0 0 0 0 0])
  (":sleep" .
   [2 0 0 0 0 0])
  ("cond" .
   [1 0 0 0])
  ("idle" .
   [7 0 0 0])
  (":job" .
   [6 0 0 0])
  ("sim" .
   [7 0 0])
  ("getf" .
   [4 0 0 0])
  ("setf" .
   [3 0 0 0])
  ("sims" .
   [2 0 0 0])
  (":id" .
   [5 0 0])
  (":nutrients" .
   [1 0 0 0 0 0 0 0 0 0])
  ("fine" .
   [3 0 0 0])
  (":state" .
   [9 0 0 0 0 0])
  (":hunger" .
   [3 0 0 0 0 0 0])
  ("defun" .
   [5 0 0 0 0])
  ("*sims*" .
   [2 0 0 0 0 0])
  ("defparameter" .
   [12 0 0 0 0 0 0 0 0 0 0 0])
  ("game" .
   [1 0 0 0])
  ("cffi" .
   [1 0 0 0])
  ("ql:quickload" .
   [1 0 1 0 0 0 0 0 0 0 0 0])
  ("type_string" .
   [1 0 0 0 0 0 0 0 0 0 0])
  ("string" .
   [12 0 0 0 0 0])
  ("type_symbol" .
   [1 0 0 0 0 0 0 0 0 0 0])
  ("type_list" .
   [1 0 0 0 0 0 0 0 0])
  ("cell_ptr" .
   [1 0 0 0 0 0 0 0])
  ("rtti" .
   [1 0 0 0])
  ("list_resize" .
   [1 0 0 0 0 0 0 0 0 0 0])
  ("should_realloc" .
   [0 0 0 0 0 0 1 1 0 0 0 0 0 0])
  ("list_realloc" .
   [2 0 0 0 0 0 0 0 0 0 0 0])
  ("elements" .
   [2 0 0 0 0 0 0 0])
  ("newsize" .
   [4 0 0 0 0 0 0])
  ("it" .
   [1 0])
  ("level" .
   [4 0 0 0 0])
  ("col" .
   [4 0 0])
  ("file" .
   [6 0 0 0])
  ("file2s" .
   [1 0 0 0 0 0])
  ("bytes_read" .
   [1 0 0 0 0 0 0 0 0 0])
  ("st_size" .
   [3 0 0 0 0 0 0])
  ("open" .
   [1 0 0 0])
  ("stat" .
   [2 0 0 0])
  ("filename" .
   [22 0 0 0 0 0 0 0])
  ("exit" .
   [7 0 0 0])
  ("abort" .
   [2 0 0 0 0])
  ("fail" .
   [2 0 0 0])
  ("msg" .
   [1 0 0])
  ("v1" .
   [2 0])
  ("vec__destructive_concat" .
   [0 0 0 0 0 0 0 0 0 0 0 0 0 0 0 0 1 0 0 0 0 0 0])
  ("vec__destruct" .
   [1 0 0 0 0 0 0 0 0 0 0 0 0])
  ("resulting_size" .
   [2 0 0 0 0 0 0 0 0 0 0 0 0 0])
  ("vec__push_back" .
   [1 0 0 0 0 0 0 0 0 1 0 0 0 0])
  ("elem" .
   [1 0 0 0])
  ("vec__resize" .
   [1 0 0 0 0 0 0 0 0 0 0])
  ("realloc" .
   [2 0 0 0 0 0 0])
  ("vec__construct" .
   [3 0 0 0 0 0 0 0 0 0 0 0 0 0])
  ("d" .
   [7])
  ("cap" .
   [29 0 0])
  ("FORK_LIMIT__" .
   [1 0 0 0 0 0 0 0 0 0 0 0])
  ("i" .
   [7])
  ("r" .
   [6])
  ("v" .
   [23])
  ("_1" .
   [1 0])
  ("_0" .
   [3 0])
  ("padding__" .
   [1 0 0 0 0 0 0 0 0])
  ("vec__destroy" .
   [3 0 0 0 0 0 0 0 0 0 0 0])
  ("Merge__copy__" .
   [2 0 0 0 0 0 0 0 0 0 0 0 0])
  ("tmp__3" .
   [2 0 0 0 0 0])
  ("res" .
   [6 0 0])
  ("tmp__2" .
   [18 0 0 0 0 0])
  ("Merge__semi____nil" .
   [0 0 0 0 0 0 0 0 0 0 0 1 0 0 0 0 0 0])
  ("semi__" .
   [17 0 0 0 0 0])
  ("a1__" .
   [3 0 0 0])
  ("Merge__nil__semi__" .
   [4 0 0 0 0 0 0 0 0 0 0 0 0 0 0 0 0 0])
  ("destroy_vec__" .
   [2 0 0 0 0 0 0 0 0 0 0 0 0])
  ("free" .
   [7 0 0 0])
  ("Merge__run__" .
   [3 0 0 0 0 0 0 0 0 0 0 0])
  ("stdint" .
   [1 0 0 0 0 0])
  ("tmp__1" .
   [21 0 0 0 0 0])
  ("Merge__" .
   [4 0 0 0 0 0 0])
  ("destructive_concat__" .
   [2 0 0 0 0 0 0 0 0 0 0 0 0 0 0 0 0 0 0 0])
  ("ListInt__enum__nil" .
   [7 0 0 0 0 0 0 0 0 0 0 0 0 0 0 0 0 0])
  ("a0__" .
   [8 0 0 0])
  ("tmp__0" .
   [20 0 0 0 0 0])
  ("Merge__nil__nil" .
   [3 0 0 0 0 0 0 0 0 0 0 0 0 0 1])
  ("Merge" .
   [34 0 0 0 0])
  ("NULL" .
   [6 0 0 0])
  ("ListInt__enum__semi__" .
   [6 0 0 0 0 0 0 0 0 0 0 0 0 0 0 0 0 1 0 0 1])
  ("type__" .
   [11 0 0 0 0 0])
  ("vec__" .
   [57 0 0 0 0])
  ("ListInt__type" .
   [3 0 0 0 0 0 0 0 0 0 0 0 0])
  ("MC__enumListInt__nil" .
   [2 0 0 0 0 0 0 0 0 0 0 0 0 0 0 0 0 0 0 0])
  ("MC__typeListInt" .
   [1 0 0 0 0 0 0 0 0 0 0 0 0 0 0])
  ("MC__type" .
   [3 0 0 0 0 0 0 0])
  ("MC__" .
   [7 0 0 0])
  ("nil" .
   [8 0 0])
  ("MC__run0Merge" .
   [1 0 0 0 0 0 0 0 0 0 0 0 0])
  ("MC__runMerge" .
   [1 0 0 0 0 0 0 0 0 0 0 0])
  ("MC__destructive_concat" .
   [0 0 0 0 0 1 0 0 0 0 0 0 0 0 0 0 0 0 0 0 0 0])
  ("vecs" .
   [3 0 0 0])
  ("MC__semi" .
   [1 0 0 0 0 0 0 0])
  ("etc" .
   [1 0 0])
  ("malloc" .
   [13 0 0 0 0 0])
  ("data" .
   [54 0 0 0])
  ("total_size" .
   [3 0 0 0 0 0 0 0 0 0])
  ("MC__int" .
   [1 0 0 0 0 0 0])
  ("int64_t" .
   [4 0 0 0 0 0 0])
  ("ListInt" .
   [57 0 0 1 0 0 0])
  ("MC__vec" .
   [13 0 0 0 0 0 0])
  ("move" .
   [3 0 0 0])
  ("transformable" .
   [9 0 0 0 0 0 0 0 0 0 0 0 0])
  ("h" .
   [2])
  ("transformPoint" .
   [1 0 0 0 0 0 0 0 0 0 0 0 0 0])
  ("getTransform" .
   [3 0 0 0 0 0 0 0 0 0 0 0])
  ("Transformable" .
   [9 0 0 0 0 0 0 1 0 0 0 0 0])
  ("hex2pix" .
   [2 0 0 0 0 0 0])
  ("transform" .
   [14 0 0 0 0 0 0 0 0])
  ("pix2hex" .
   [4 0 0 0 0 0 0])
  ("Transform2d" .
   [2 0 0 0 0 0 0 0 0 0 0])
  ("transform2d" .
   [1 0 0 0 0 0 0 0 0 0 0])
  ("clang-format" .
   [1 0 0 0 0 0 0 0 0 0 0 0])
  ("foo" .
   [21 0 0])
  ("hex_round" .
   [1 0 0 0 0 0 0 0 0])
  ("pos" .
   [13 0 0])
  ("mouseButton" .
   [6 0 0 0 0 0 1 0 0 0 0])
  ("event" .
   [11 0 0 0 0])
  ("pixel_to_hex" .
   [0 0 0 0 1 0 0 0 0 0 0 0])
  ("view" .
   [23 0 0 0])
  ("View" .
   [1 0 0 0])
  ("Keyboard" .
   [1 0 0 0 0 0 0 0])
  ("window" .
   [18 0 0 0 0 0])
  ("ConvexShape" .
   [4 0 0 0 0 0 0 0 0 0 0])
  ("0xFF" .
   [5 0 0 0])
  ("rand" .
   [5 0 0 0])
  ("Color" .
   [4 0 0 0 0])
  ("coord" .
   [6 0 0 0 0])
  ("push_back" .
   [2 0 0 0 0 0 1 0 0])
  ("hexes" .
   [8 0 0 0 0])
  ("CircleShape" .
   [0 0 0 1 0 0 0 0 0 0 0])
  ("hex_to_pixel" .
   [1 0 0 0 0 0 0 0 0 0 0 0])
  ("layout" .
   [48 0 0 0 1 0])
  ("layout_flat" .
   [2 0 0 0 0 0 0 0 0 0 0])
  ("gen_hex_map" .
   [1 0 0 0 0 0 0 0 0 0 0])
  ("angle" .
   [5 0 0 0 0])
  ("mat4" .
   [2 0 0 0])
  ("vec" .
   [6 0 0])
  ("SE" .
   [1 0])
  ("fHex" .
   [2 0 0 0])
  ("origin_" .
   [1 0 0 0 0 0 0])
  ("origin" .
   [11 0 0 0 0 0])
  ("size_" .
   [1 0 0 0 0])
  ("orientation_" .
   [1 0 0 0 0 0 0 0 0 0 0 0])
  ("orientation" .
   [4 0 0 0 0 0 0 0 0 0 0])
  ("Layout" .
   [7 0 0 0 0 0])
  ("vec2" .
   [40 0 0 0])
  ("degrees_" .
   [1 0 0 0 0 0 0 0])
  ("inverse_" .
   [2 0 0 0 0 0 0 0])
  ("forward_" .
   [1 0 0 0 0 0 0 0])
  ("degrees" .
   [4 0 0 0 0 0 0])
  ("inverse" .
   [15 0 0 0 0 0 0])
  ("forward" .
   [7 0 0 0 0 0 0])
  ("mat2" .
   [12 0 0 0])
  ("Orientation" .
   [3 0 0 0 0 2 1 0 0 0 0])
  ("directions" .
   [1 0 0 0 0 0 0 0 0 0])
  ("glm" .
   [60 0 0])
  ("sf" .
   [45 0])
  ("direction" .
   [1 0 0 0 0 0 0 0 0])
  ("Direction" .
   [1 0 0 0 0 0 0 0 0])
  ("Hexi" .
   [3 0 0 0])
  ("length" .
   [6 0 0 0 0 0])
  ("hex" .
   [40 0 0])
  ("abs" .
   [2 0 0])
  ("HexDiff" .
   [22 0 0 0 0 0 0])
  ("tmp" .
   [5 0 0])
  ("Hex" .
   [37 0 0])
  ("_Hex" .
   [7 0 0 0])
  ("_Coord" .
   [1 0 0 0 0 0])
  ("Coord" .
   [2 0 0 0 0])
  ("shape" .
   [22 0 0 0 0])
  ("newcell" .
   [2 0 0 0 0 0 0])
  ("make_string" .
   [1 0 0 0 0 0 0 0 0 0 0])
  ("unsigned" .
   [0 0 0 0 0 1 0 0])
  ("indentation" .
   [6 0 0 0 0 0 0 1 0 0 0])
  ("Char" .
   [1 0 0 0])
  ("Builtin" .
   [1 0 0 0 0 0 0])
  ("Macro" .
   [1 0 0 0 0])
  ("lisp" .
   [1 0 0 0])
  ("inspect_cellptr" .
   [0 0 0 0 1 2 0 0 0 0 0 0 1 0 0])
  ("make_nil" .
   [2 0 0 0 0 0 0 0])
  ("addr" .
   [5 0 0 0])
  ("newstr" .
   [4 0 0 0 0 0])
  ("st" .
   [8 0])
  ("uintptr_t" .
   [14 0 0 1 1 1 0 0 1])
  ("reinterpret_cast" .
   [0 0 0 0 0 0 0 1 1 0 0 0 0 0 0 6])
  ("argv" .
   [9 0 0 0])
  ("argc" .
   [9 0 0 0])
  ("to_ptr" .
   [4 0 0 0 0 0])
  ("from_ptr" .
   [2 0 0 0 0 0 0 0])
  ("make_cell" .
   [3 0 0 0 0 0 0 0 0])
  ("symbol_table" .
   [4 0 0 0 0 0 0 0 0 0 0 1])
  ("src" .
   [16 0 0])
  ("dest" .
   [1 0 0 0])
  ("get_type" .
   [7 0 0 0 0 0 0 0])
  ("str" .
   [72 0 0])
  ("len" .
   [15 0 0])
  ("builtin" .
   [2 0 0 0 0 0 0])
  ("n" .
   [5])
  ("c" .
   [10])
  ("aligned_alloc" .
   [1 0 0 0 0 0 0 0 0 0 0 0 0])
  ("size" .
   [60 0 0 0])
  ("memcpy" .
   [15 0 0 0 0 0])
  ("0x7" .
   [6 0 0])
  ("_as_string" .
   [3 0 0 0 0 0 0 0 0 0])
  ("_as_float" .
   [1 0 0 0 0 0 0 0 0])
  ("as_cell" .
   [5 0 0 0 0 0 0])
  ("as_string" .
   [1 0 0 0 0 0 0 0 0])
  ("as_int" .
   [6 0 0 0 0 0])
  ("aligned" .
   [2 0 0 0 0 0 0])
  ("gnu" .
   [1 0 0])
  ("size_t" .
   [50 0 0 0 0 0])
  ("woo" .
   [7 0 0])
  ("cdr" .
   [16 0 0])
  ("car" .
   [28 0 0])
  ("String" .
   [9 0 0 0 0 0])
  ("Symbol" .
   [6 0 1 1 1 0])
  ("Float" .
   [5 0 1 0 0])
  ("Integer" .
   [4 0 0 0 0 0 0])
  ("type" .
   [51 0 0 0])
  ("return" .
   [9 0 0 0 0 1])
  ("ptr" .
   [55 0 0])
  ("as_pointer" .
   [2 0 0 0 0 0 0 0 0 0])
  ("pointer" .
   [47 0 0 0 0 0 0])
  ("Cell" .
   [13 0 0 0])
  ("cell" .
   [65 0 0 0])
  ("struct" .
   [0 0 0 0 0 1])
  ("main" .
   [13 0 0 0])
  ("require" .
   [5 0 0 0 0 0 0])
  ("t" .
   [54])
  ("teleport" .
   [1 0 0 1 1 0 0 0])
  ("printf" .
   [20 0 0 0 1 0])
  ("map" .
   [28 0 1])
  ("Map" .
   [7 0 0])
  ("vector" .
   [23 0 0 0 0 0])
  ("ret" .
   [49 0 0])
  ("array" .
   [0 0 1 0 0])
  ("tryw" .
   [0 0 1 0])
  ("uint64_t" .
   [11 0 0 0 1 0 0 0])
  ("is_cell" .
   [3 0 0 0 0 0 0])
  ("assert" .
   [18 0 0 0 0 0])
  ("set" .
   [12 0 0])
  ("get" .
   [7 0 0])
  ("is_int" .
   [1 0 0 0 0 0])
  ("get_int" .
   [2 0 0 0 0 0 0])
  ("is_float" .
   [1 0 0 0 0 0 0 0])
  ("f" .
   [16])
  ("is_symbol" .
   [1 0 0 0 0 0 0 0 0])
  ("symbol" .
   [10 0 0 0 0 0])
  ("is_string" .
   [1 0 0 0 0 0 0 0 0])
  ("get_float" .
   [1 0 0 0 0 0 0 0 0])
  ("std" .
   [63 0 0])
  ("cout" .
   [13 0 0 0])
  ("CellA" .
   [2 0 0 0 0])
  ("CellB" .
   [2 0 0 0 0])
  ("is_null" .
   [1 0 0 0 0 0 0])
  ("strlen" .
   [1 0 0 0 0 0])
  ("USE_B" .
   [1 0 0 0 0])
  ("from_string" .
   [1 0 0 0 0 0 0 0 0 0 0])
  ("mem" .
   [1 0 0])
  ("cons" .
   [2 0 0 0])
  ("null" .
   [2 0 0 0])
  ("set_null" .
   [1 0 0 0 0 0 0 0])
  ("cellptr" .
   [38 0 0 0 0 0 0])
  ("aligned_storage" .
   [1 0 0 0 0 0 0 0 0 0 0 0 0 0 0])
  ("Left" .
   [1 0 0 0])
  ("insert" .
   [2 0 0 0 0 0])
  ("corners" .
   [7 0 0 0 0 0 0])
  ("getCenter" .
   [6 0 0 0 0 0 0 0 0])
  ("getView" .
   [4 0 0 0 0 0 0])
  ("Vector2f" .
   [10 0 0 0 0 0 0 0])
  ("cast" .
   [10 0 0 0])
  ("getSize" .
   [12 0 0 0 0 0 0])
  ("sqrt" .
   [8 0 0 0])
  ("Transform" .
   [9 0 0 0 0 0 0 0 0])
  ("getMatrix" .
   [8 0 0 0 0 0 0 0 0])
  ("s" .
   [34])
  ("getScale" .
   [3 0 0 0 0 0 0 0])
  ("mat" .
   [8 0 0])
  ("mat3" .
   [5 0 0 0])
  ("scale" .
   [4 0 0 0 0])
  ("sheer" .
   [1 0 0 0 0])
  ("shear" .
   [3 0 0 0 0])
  ("shear_mat" .
   [2 0 0 0 0 0 0 0 0])
  ("position" .
   [5 0 0 0 0 0 0 0])
  ("origin_mat" .
   [1 0 0 0 0 0 0 0 0 0])
  ("scale_mat" .
   [2 0 0 0 0 0 0 0 0])
  ("position_mat" .
   [1 0 0 0 0 0 0 0 0 0 0 0])
  ("polygon_corners" .
   [1 0 0 0 0 1 0 0 0 0 0 0 0 0 0])
  ("second" .
   [6 0 0 0 0 0])
  ("Tile" .
   [6 0 0 0])
  ("unordered_map" .
   [2 0 0 0 0 0 0 0 0 0 0 0 0])
  ("draw" .
   [2 0 0 0])
  ("tile" .
   [9 0 0 0])
  ("tiles" .
   [5 0 0 0 0])
  ("target" .
   [1 0 0 0 0 0])
  ("states" .
   [2 0 0 0 0 0])
  ("TileSet" .
   [3 0 0 0 0 0 0])
  ("tileset" .
   [12 0 0 0 0 0 0])
  ("make_pair" .
   [1 0 0 0 0 0 0 0 0])
  ("tilemap" .
   [6 0 0 0 0 0 0])
  ("update" .
   [1 0 0 0 0 0])
  ("Event" .
   [1 0 0 0 0])
  ("setView" .
   [1 0 0 0 0 0 0])
  ("setCenter" .
   [1 0 0 0 0 0 0 0 0])
  ("setSize" .
   [1 0 0 0 0 0 0])
  ("sfpos" .
   [2 0 0 0 0])
  ("mouse" .
   [1 0 0 0 0])
  ("WINDOWS_SPECIFIC_H" .
   [0 0 0 0 0 0 0 0 0 0 0 0 0 0 0 1 0 0])
  ("page_size" .
   [7 0 0 0 0 0 0 0 0])
  ("memory_map" .
   [2 0 0 0 0 0 0 0 0 0])
  ("table__" .
   [4 0 0 0 0 0 0])
  ("TABLE_SIZE" .
   [3 0 0 0 0 0 0 0 0 0])
  ("TABLE_SIZE__" .
   [5 0 0 0 0 0 0 0 0 0 0 0])
  ("ListInt__semi____" .
   [2 0 0 0 0 0 0 0 0 0 0 0 0 0 0 0 0])
  ("ListInt__semi____elem__" .
   [2 0 0 0 0 0 0 0 0 0 0 0 0 0 0 0 0 0 0 0 0 0 0])
  ("BRANCH_LIMIT__" .
   [1 0 0 0 0 0 0 0 0 0 0 0 0 0])
  ("p" .
   [1])
  ("back" .
   [2 0 0 0])
  ("center" .
   [2 0 0 0 0 0])
  ("LIST_H" .
   [1 0 0 0 0 0])
  ("list" .
   [10 0 0 0])
  ("width" .
   [6 0 0 0 0])
  ("ttl" .
   [2 0 0])
  ("uint8_t" .
   [2 0 0 0 0 0 0])
  ("ray" .
   [1 0 0])
  ("point" .
   [2 0 0 0 0])
  ("color" .
   [2 0 0 0 0])
  ("page_allocate" .
   [1 0 0 0 0 0 0 0 0 0 0 0 0])
  ("pages" .
   [1 0 0 0 0])
  ("page" .
   [2 0 0 0])
  ("4k" .
   [1 0])
  ("sdl:with-init" .
   [1 0 0 0 0 0 0 0 0 0 0 0 0])
  ("hungry_sim" .
   [1 0 0 0 0 0 0 0 0 0])
  ("__attribute__" .
   [1 0 1 0 0 0 0 0 0 0 0 0 0])
  ("packed" .
   [2 0 0 0 0 0])
  ("basic_sim" .
   [7 0 0 0 0 2 0 0 1])
  ("idle_sim" .
   [5 0 0 0 0 0 0 0])
  ("world" .
   [10 0 0 0 0])
  ("BasicSim" .
   [4 0 0 0 0 0 0 0])
  ("HungrySim" .
   [2 0 0 0 0 0 0 0 0])
  ("SleepingSim" .
   [1 0 0 0 0 0 0 0 0 0 0])
  ("IdleSim" .
   [3 0 0 0 0 0 0])
  ("hunger" .
   [3 0 0 0 0 2])
  ("move_element" .
   [1 0 0 0 0 0 0 0 0 0 0 0])
  ("idle_sims" .
   [5 0 0 0 0 0 0 0 0])
  ("pop" .
   [4 0 0])
  ("hungry_sims" .
   [3 0 0 0 0 0 0 0 0 0 0])
  ("population" .
   [6 0 0 0 0 0 0 0 0 0])
  ("hungry" .
   [1 0 0 0 0 0])
  ("pop_back" .
   [1 0 0 0 0 0 0 0])
  ("evil-define-key" .
   [2 0 0 0 0 0 0 0 0 0 0 0 0 0 0])
  ("normal" .
   [2 0 0 0 0 0])
  ("once" .
   [2 0 0 0])
  ("sstr" .
   [27 0 0 0])
  ("input_files" .
   [5 0 0 0 0 0 0 0 0 0 0])
  ("bool" .
   [8 0 0 0])
  ("end" .
   [8 0 0])
  ("false" .
   [3 0 0 0 0])
  ("starts_with" .
   [3 0 0 0 0 0 0 0 0 0 0])
  ("true" .
   [4 0 0 0])
  ("backup" .
   [1 0 0 0 0 0])
  ("str_" .
   [2 0 0 0])
  ("len_" .
   [2 0 0 0])
  ("make_sstr" .
   [1 0 0 0 0 0 0 0 0])
  ("start" .
   [13 0 0 0 0])
  ("token_namespace" .
   [1 0 0 0 0 0 0 0 0 0 0 0 0 0 0])
  ("namespace_token" .
   [1 0 0 0 0 0 0 0 0 0 0 0 0 0 0])
  ("name" .
   [3 0 0 0])
  ("scope" .
   [4 0 0 0 0])
  ("scopes" .
   [2 0 0 0 0 0])
  ("parse" .
   [1 0 0 0 0])))
